0 
1 0 
2 0 1 
3 0 1 2 
4 2 3 
5 4 
6 4 5 
7 0 1 2 3 4 
8 5 6 
9 0 1 2 3 4 7 
10 4 
11 4 5 
12 6 
13 1 
14 1 2 
15 2 4 5 6 12 
16 5 8 
17 10 
18 5 
19 3 4 7 9 
20 0 1 2 3 4 7 9 19 
21 4 5 6 8 
22 11 
23 2 
24 15 
25 16 
26 20 
27 0 1 7 20 26 
28 0 
29 1 13 
30 12 
31 24 
32 14 
33 27 
34 21 
35 5 
36 29 
37 0 2 3 4 7 9 10 14 19 20 26 27 
38 37 
39 0 7 27 
40 9 
41 2 
42 0 4 7 19 27 33 37 39 
43 0 1 2 3 9 
44 26 
45 0 1 13 29 
46 33 42 
47 31 
48 0 1 2 3 4 
49 27 
50 2 
51 16 
52 18 
53 19 
54 5 16 25 35 
55 12 
56 39 42 46 
57 9 40 
58 0 1 2 3 4 7 9 14 27 37 43 48 
59 53 
60 4 
61 0 1 2 4 7 9 10 14 17 19 20 26 27 37 42 43 45 58 
62 35 54 
63 42 
64 26 
65 16 
66 4 5 6 8 16 51 54 
67 0 1 2 4 7 9 10 14 19 20 26 27 33 37 39 40 41 42 58 
68 7 
69 0 1 2 3 4 9 13 42 48 
70 48 
71 15 
72 2 4 5 6 8 12 15 21 58 61 66 67 71 
73 0 1 4 9 13 37 58 61 72 
74 32 
75 32 
76 34 
77 69 
78 58 
79 46 56 
80 44 
81 0 28 
82 25 
83 75 
84 4 5 
85 55 
86 76 
87 1 13 29 
88 3 
89 5 
90 0 37 38 
91 65 
92 12 
93 21 34 76 
94 83 
95 16 51 66 72 73 
96 14 
97 40 
98 67 
99 66 
100 67 
101 1 27 42 
102 1 2 3 4 6 7 12 13 15 24 68 69 
103 4 6 
104 55 
105 58 72 95 
106 69 
107 29 
108 104 
109 20 37 38 90 
110 76 
111 61 72 
112 37 61 
113 9 
114 0 1 2 3 4 7 9 13 20 37 39 42 46 48 56 61 68 69 73 79 90 102 
115 101 
116 98 
117 80 
118 23 
119 104 108 
120 63 
121 59 
122 6 
123 11 
124 76 
125 0 1 2 9 10 14 45 48 58 61 67 78 100 102 
126 0 1 29 69 77 106 107 114 
127 75 83 94 
128 28 81 
129 0 2 7 69 106 
130 23 
131 89 
132 4 60 
133 33 
134 47 
135 69 
136 4 60 
137 1 4 7 
138 20 109 
139 103 
140 119 
141 0 19 29 37 38 45 61 90 
142 76 124 
143 38 
144 73 
145 130 
146 0 1 2 3 4 19 58 103 126 
147 56 
148 4 5 6 10 12 122 
149 3 13 37 58 61 72 73 87 105 111 144 146 
150 10 
151 11 
152 136 
153 15 24 
154 121 
155 19 53 59 
156 135 
157 67 72 98 100 125 
158 156 
159 4 60 132 136 
160 0 1 9 20 27 33 40 42 45 46 57 61 67 97 101 114 
161 155 
162 160 
163 104 
164 27 160 162 
165 15 24 31 102 153 
166 97 160 162 
167 120 
168 26 44 80 117 
169 153 
170 19 
171 2 41 
172 147 
173 22 
174 5 
175 121 
176 19 
177 156 158 
178 44 
179 72 105 
180 142 
181 161 
182 0 3 
183 85 
184 181 
185 63 
186 144 
187 147 172 
188 122 
189 8 16 72 
190 68 
191 12 148 
192 72 
193 44 
194 147 172 187 
195 125 157 
196 116 
197 190 
198 33 67 133 
199 11 22 
200 104 
201 26 44 80 117 168 
202 171 
203 97 
204 20 26 160 166 
205 0 2 3 4 
206 42 56 
207 28 
208 38 143 
209 64 
210 2 4 10 14 37 60 136 
211 175 
212 146 149 
213 0 1 2 3 4 7 9 13 14 19 20 27 29 32 37 42 45 58 61 69 73 87 149 164 
214 146 212 
215 208 
216 191 
217 142 180 
218 49 
219 181 
220 25 
221 107 126 
222 0 2 3 4 5 6 8 12 15 16 24 35 51 65 66 72 89 91 95 99 105 153 
223 13 
224 100 
225 140 
226 222 
227 21 
228 14 
229 2 3 4 5 89 131 
230 89 131 
231 4 137 
232 33 
233 69 77 106 114 126 129 213 
234 104 200 
235 85 
236 92 
237 75 
238 132 159 
239 21 227 
240 0 1 2 4 7 42 48 63 90 185 206 
241 232 
242 214 
243 15 24 
244 113 
245 0 1 2 3 4 5 7 9 13 21 29 34 42 69 76 93 101 106 115 124 160 213 233 
246 85 
247 165 
248 75 237 
249 95 
250 180 217 
251 6 12 222 
252 59 
253 15 24 243 
254 55 
255 2 7 19 
256 38 143 208 
257 103 
258 27 164 
259 14 228 
260 6 12 
261 178 
262 0 3 4 9 10 19 20 37 57 61 72 84 125 160 231 
263 167 
264 180 217 250 
265 0 1 2 3 4 7 9 12 15 17 37 38 39 43 48 58 61 72 73 105 114 144 148 149 160 164 179 186 191 212 213 233 245 
266 144 265 
267 0 2 23 41 61 141 
268 15 24 31 47 253 
269 43 
270 81 128 
271 171 
272 43 48 58 114 265 269 
273 125 157 195 
274 202 
275 161 181 184 219 
276 0 1 2 4 9 14 19 29 33 37 38 42 45 46 58 61 67 69 90 107 114 126 141 198 221 232 262 267 
277 2 4 19 27 29 33 37 53 58 59 61 67 141 155 160 162 164 166 204 213 232 233 241 245 258 262 265 272 276 
278 155 161 
279 56 
280 243 
281 110 
282 112 
283 47 268 
284 180 250 
285 118 
286 0 1 2 3 4 5 6 9 23 40 43 61 66 69 105 106 118 122 126 129 146 149 212 221 233 245 265 267 276 277 
287 217 264 
288 85 246 
289 258 
290 113 244 
291 147 
292 26 
293 55 104 108 
294 173 
295 262 
296 174 
297 115 
298 129 
299 80 168 
300 185 
301 214 
302 161 
303 98 116 
304 54 
305 6 8 16 21 189 251 
306 257 
307 56 
308 306 
309 0 
310 19 155 161 170 
311 13 
312 163 
313 43 265 269 
314 77 
315 4 20 57 160 262 
316 24 31 
317 254 
318 110 281 
319 53 155 161 181 275 
320 159 
321 13 45 
322 40 
323 2 23 
324 23 118 
325 16 
326 283 
327 30 
328 132 136 152 159 210 238 
329 4 12 30 37 60 72 136 146 148 152 159 191 210 212 213 214 216 238 251 260 265 327 328 
330 219 
331 2 61 
332 1 
333 330 
334 51 222 
335 304 
336 331 
337 8 16 
338 259 
339 119 140 
340 7 19 170 
341 324 
342 74 
343 105 179 
344 15 24 31 253 316 
345 187 194 
346 171 202 274 
347 158 
348 20 
349 268 
350 0 4 27 37 40 43 58 60 78 124 126 142 146 149 212 213 214 217 233 245 265 272 276 277 286 329 
351 168 299 
352 72 111 
353 214 242 
354 217 250 264 284 287 
355 287 354 
356 30 
357 1 2 23 
358 166 
359 304 
360 171 202 271 274 346 
361 235 
362 206 
363 11 123 151 
364 41 
365 5 12 35 58 72 95 105 213 222 226 249 251 
366 0 1 78 125 157 195 273 350 
367 26 44 
368 89 131 
369 56 307 
370 258 289 
371 45 141 
372 9 
373 2 3 43 286 
374 0 1 4 19 53 59 67 78 125 155 157 212 252 277 350 366 
375 181 
376 148 
377 335 
378 5 8 16 35 222 245 
379 101 
380 255 
381 155 161 181 275 278 302 319 374 
382 26 292 
383 11 123 363 
384 194 
385 346 360 
386 119 
387 76 142 217 
388 87 149 213 
389 0 28 
390 6 8 12 15 21 71 72 189 227 305 
391 133 
392 157 
393 0 9 40 67 214 301 322 350 
394 0 1 3 5 6 12 28 35 37 42 51 54 58 61 62 72 77 78 102 114 126 210 221 222 226 233 265 272 286 314 334 350 365 378 389 
395 316 344 
396 21 
397 4 5 6 8 21 72 84 174 249 365 
398 302 
399 393 
400 32 
401 366 374 
402 0 7 20 27 61 68 190 197 
403 280 
404 46 
405 202 274 346 
406 5 21 35 390 
407 23 130 
408 122 188 
409 95 
410 181 184 
411 243 280 
412 81 128 
413 148 
414 4 5 6 12 16 21 35 51 55 334 350 394 406 
415 145 
416 1 13 311 
417 188 
418 75 
419 57 
420 306 
421 130 145 
422 52 
423 214 242 
424 117 
425 2 4 5 6 122 148 277 374 381 401 
426 77 
427 395 
428 221 
429 395 
430 304 
431 340 
432 4 90 276 286 
433 360 
434 332 
435 146 
436 0 2 23 130 145 267 407 415 421 
437 9 57 113 244 
438 0 1 2 7 20 315 
439 0 1 2 3 4 5 6 8 9 14 21 34 72 76 86 93 110 233 239 245 260 265 329 350 365 394 
440 384 
441 0 1 2 3 4 20 37 48 58 90 109 138 276 277 350 414 432 
442 153 
443 148 
444 78 
445 103 
446 133 391 
447 72 397 
448 27 33 39 42 46 56 147 291 
449 41 
450 202 274 
451 112 
452 87 
453 84 
454 83 94 
455 322 
456 195 
457 25 
458 72 
459 135 156 177 
460 58 
461 147 
462 403 
463 89 131 229 230 368 
464 99 
465 0 
466 4 60 132 
467 125 273 366 
468 81 
469 307 
470 268 283 326 
471 1 2 61 331 336 438 
472 38 265 
473 443 
474 255 380 
475 381 
476 349 
477 192 
478 228 259 
479 123 383 
480 335 
481 55 
482 118 285 
483 0 
484 54 304 
485 8 16 51 72 189 305 352 365 390 406 414 
486 32 75 248 
487 116 
488 92 
489 0 1 3 4 5 6 9 27 33 37 39 42 43 56 58 67 89 146 164 233 258 272 277 369 394 414 439 
490 306 308 
491 115 
492 94 454 
493 11 151 
494 3 6 12 267 286 373 
495 262 
496 3 
497 246 
498 343 
499 7 19 170 276 340 441 
500 432 441 
501 23 
502 27 
503 163 
504 72 350 365 390 394 397 406 414 439 485 489 
505 255 
506 129 
507 113 244 290 437 
508 490 
509 55 85 104 108 119 140 200 293 339 481 
510 296 
511 487 
512 505 
513 74 342 
514 147 172 187 194 345 
515 365 
516 56 307 
517 360 
518 56 307 
519 221 
520 142 217 387 
521 96 
522 389 
523 56 147 172 291 448 461 
524 0 2 23 267 
525 52 
526 449 
527 166 358 
528 406 
529 329 
530 27 115 245 265 272 297 350 439 441 491 499 
531 338 
532 95 
533 0 309 
534 0 2 3 7 37 38 48 69 90 126 240 262 265 272 276 315 394 432 438 441 471 499 
535 4 60 67 132 136 155 159 161 319 374 381 
536 418 
537 235 361 
538 482 
539 200 
540 472 
541 249 365 
542 5 21 72 394 406 414 528 
543 352 485 504 
544 21 
545 43 
546 22 
547 200 234 539 
548 518 
549 15 344 395 
550 2 3 4 7 20 37 48 61 141 210 262 276 277 295 331 336 371 441 471 495 534 
551 511 
552 402 
553 5 
554 476 
555 347 
556 37 
557 4 19 27 37 53 160 241 277 374 425 502 
558 1 2 33 46 48 133 198 276 332 438 471 
559 4 6 103 
560 523 
561 16 25 54 304 335 359 430 480 
562 4 6 12 55 104 108 119 163 200 386 509 
563 72 111 352 439 489 504 543 
564 240 
565 12 55 72 265 481 542 562 
566 317 
567 19 53 59 155 161 278 302 374 381 475 535 
568 301 
569 122 
570 1 20 26 44 80 160 168 201 299 348 438 534 
571 279 
572 5 6 12 15 92 222 236 251 488 
573 11 151 493 
574 37 38 
575 465 
576 383 
577 511 
578 577 
579 135 156 177 459 
580 67 133 198 
581 2 55 124 131 205 229 286 334 350 368 414 463 509 542 565 
582 445 
583 38 143 208 
584 86 439 
585 229 463 
586 188 
587 0 9 
588 81 468 
589 491 499 530 
590 147 461 
591 478 
592 9 40 67 322 
593 216 
594 381 
595 51 222 226 334 378 
596 38 208 
597 359 480 561 
598 533 
599 45 
600 431 
601 20 37 73 105 144 149 179 
602 417 
603 215 
604 232 
605 212 
606 182 
607 292 382 
608 121 
609 262 295 
610 349 
611 263 
612 28 81 128 
613 577 578 
614 320 
615 258 277 370 
616 122 
617 199 
618 300 
619 244 
620 175 211 
621 312 
622 0 1 2 23 374 
623 111 149 352 563 
624 48 70 
625 181 
626 47 134 
627 429 
628 203 
629 24 243 253 
630 4 7 20 68 190 348 
631 408 
632 133 198 580 
633 259 338 
634 4 84 
635 29 36 
636 594 
637 3 4 5 66 72 84 89 99 222 230 276 286 
638 115 245 297 
639 116 196 
640 299 351 
641 202 405 450 
642 357 
643 168 
644 510 
645 26 44 178 261 
646 0 1 13 286 332 373 394 558 581 
647 616 
648 250 354 355 
649 71 
650 160 
651 142 180 264 
652 531 
653 395 427 
654 147 
655 340 499 
656 177 459 
657 443 
658 106 
659 19 53 59 155 161 170 181 276 278 310 319 340 381 431 499 567 625 655 
660 201 
661 427 
662 166 
663 642 
664 445 582 
665 2 25 54 102 125 153 165 222 314 334 394 534 646 
666 27 42 
667 565 
668 0 6 43 57 160 272 369 489 
669 4 5 11 123 151 383 479 493 573 
670 361 
671 72 192 477 
672 604 
673 85 
674 388 
675 359 
676 340 431 600 
677 19 27 37 45 141 232 241 277 425 502 557 604 
678 350 394 439 504 584 
679 393 399 
680 121 
681 415 
682 3 4 
683 0 1 2 3 4 7 9 19 40 57 61 137 146 212 231 262 286 366 374 401 467 
684 557 
685 572 
686 40 57 113 244 290 437 507 
687 61 112 160 451 668 
688 12 16 51 305 390 485 
689 212 350 683 
690 337 
691 569 
692 20 
693 665 
694 0 1 2 5 15 16 54 89 131 222 229 334 337 394 534 550 572 581 665 
695 230 
696 40 
697 229 463 581 585 646 665 
698 635 
699 63 185 300 
700 11 123 151 363 493 
701 401 
702 392 
703 2 4 10 20 61 245 269 272 276 331 439 441 499 530 550 
704 181 219 275 330 
705 0 1 2 3 4 7 9 15 17 24 27 37 42 43 48 58 60 61 67 73 112 114 125 129 148 149 160 210 212 214 233 265 267 269 272 276 286 298 329 350 357 371 373 432 441 451 500 506 534 550 587 629 642 663 689 694 703 
706 185 300 
707 67 100 535 
708 335 
709 295 
710 681 
711 125 366 467 
712 125 157 195 366 665 
713 668 
714 316 344 395 427 653 661 
715 600 
716 117 
717 15 253 268 
718 78 444 
719 418 536 
720 1 9 113 507 
721 0 2 3 4 5 6 8 16 21 28 37 42 58 72 146 160 205 213 222 286 378 394 406 414 485 489 504 544 
722 19 155 
723 304 335 
724 107 
725 212 
726 85 
727 135 156 459 579 
728 299 
729 6 16 24 51 60 73 95 122 159 222 344 350 535 601 705 721 
730 14 
731 340 
732 268 349 476 
733 650 
734 461 590 
735 81 468 588 
736 15 344 549 
737 19 176 
738 382 607 
739 4 16 19 51 58 72 155 222 394 535 707 
740 470 
741 631 
742 304 
743 0 1 2 3 7 9 14 37 67 160 213 228 231 245 259 262 265 286 338 478 489 531 563 623 633 650 682 721 
744 16 
745 135 
746 43 48 58 69 265 272 313 558 646 
747 689 
748 698 
749 16 325 
750 4 6 7 9 15 19 20 66 114 141 262 265 272 340 425 557 677 684 722 
751 94 127 454 492 
752 579 727 
753 598 
754 713 
755 12 48 55 254 265 266 277 565 
756 500 
757 43 58 144 186 265 272 668 750 
758 1 332 434 
759 414 
760 26 44 80 117 168 201 299 
761 4 5 11 51 72 89 174 397 406 447 485 543 563 623 743 
762 250 264 287 
763 173 
764 751 
765 255 
766 33 133 446 
767 142 180 250 284 287 354 355 648 
768 389 
769 76 86 350 366 374 439 441 557 584 678 683 689 
770 3 496 
771 75 
772 37 112 451 705 729 
773 347 555 
774 72 192 477 542 581 671 
775 690 
776 666 
777 144 
778 98 
779 302 398 
780 72 132 152 189 328 329 357 529 642 663 705 
781 232 604 
782 0 2 3 19 26 27 37 53 59 64 155 204 209 252 272 277 302 367 374 451 567 687 705 772 
783 4 9 20 23 37 45 58 59 60 67 98 100 116 121 125 157 195 197 204 210 262 265 273 366 374 394 402 425 460 467 535 622 683 707 711 750 782 
784 587 
785 708 
786 573 669 
787 242 353 
788 15 24 153 442 665 
789 255 380 
790 625 
791 260 
792 262 
793 56 147 172 461 
794 584 
795 342 
796 37 262 
797 171 202 271 346 360 385 
798 1 2 4 5 6 8 15 71 72 125 131 195 251 262 265 305 313 329 366 390 456 495 581 665 677 694 705 711 743 750 772 783 
799 73 144 
800 755 
801 20 26 160 162 164 166 204 
802 219 
803 743 
804 14 15 102 125 
805 498 
806 114 272 
807 97 141 166 203 204 277 358 527 801 
808 0 1 2 14 32 
809 152 
810 778 
811 602 
812 90 
813 438 
814 489 504 563 721 
815 5 6 8 16 21 35 65 337 378 394 489 721 
816 642 663 
817 81 128 412 612 735 
818 700 
819 510 
820 244 290 437 507 686 720 
821 138 441 500 705 
822 6 286 373 494 798 
823 45 599 
824 524 
825 166 358 527 
826 311 
827 21 72 394 463 504 542 565 581 671 774 
828 349 476 610 
829 21 239 406 414 
830 151 493 573 669 700 
831 675 
832 55 481 
833 152 
834 448 523 
835 811 
836 6 122 188 408 631 729 
837 544 
838 156 158 347 
839 793 
840 152 
841 253 
842 225 
843 46 147 448 523 834 
844 790 
845 0 465 
846 58 72 
847 160 162 164 213 277 
848 0 9 58 587 
849 171 271 
850 333 
851 807 
852 405 
853 287 762 
854 0 2 72 390 504 563 694 798 
855 527 
856 110 281 318 
857 181 184 410 
858 292 382 607 738 
859 159 
860 194 
861 20 348 570 630 
862 80 
863 106 
864 704 
865 789 
866 217 250 648 
867 4 
868 42 160 262 609 
869 86 
870 576 
871 408 
872 383 479 576 
873 242 
874 92 222 572 
875 244 
876 396 
877 833 
878 736 
879 725 
880 482 538 
881 40 322 393 592 679 
882 0 1 2 7 9 14 16 19 37 41 51 171 202 245 255 271 274 277 340 346 360 394 405 439 450 505 512 563 595 641 761 
883 563 743 
884 555 
885 202 
886 611 
887 140 
888 0 483 
889 413 
890 424 
891 9 40 97 
892 513 
893 0 1 2 3 4 7 19 27 58 78 146 252 374 782 
894 608 
895 35 62 
896 377 
897 4 5 6 51 89 174 305 334 390 406 485 534 543 665 669 694 712 721 743 761 788 798 815 822 
898 326 470 740 
899 130 
900 118 482 
901 611 886 
902 158 838 
903 807 851 
904 504 
905 228 
906 488 
907 490 508 
908 353 
909 685 
910 90 432 441 500 705 812 
911 55 85 104 183 235 246 288 361 497 537 
912 706 
913 244 290 820 
914 53 155 161 170 181 275 310 319 
915 6 12 122 148 
916 91 
917 243 280 403 462 629 
918 869 
919 395 427 653 661 
920 814 
921 457 
922 417 602 
923 149 
924 67 133 198 580 632 
925 858 
926 279 
927 899 
928 773 
929 7 68 
930 918 
931 589 
932 606 
933 214 242 
934 6 260 798 
935 70 
936 163 312 621 
937 879 
938 299 570 861 
939 827 
940 61 111 563 623 
941 125 157 273 783 
942 839 
943 316 
944 190 
945 12 166 265 277 358 527 668 755 757 800 807 
946 483 888 
947 421 
948 903 
949 725 
950 347 555 
951 2 50 205 
952 136 
953 396 
954 63 
955 876 
956 740 
957 365 
958 4 5 6 12 15 55 85 104 
959 46 
960 746 
961 308 490 508 907 
962 13 311 
963 495 
964 202 346 360 517 
965 76 110 124 142 281 318 856 
966 959 
967 361 
968 58 78 444 718 
969 813 
970 48 441 
971 799 
972 32 
973 87 452 
974 0 309 389 394 441 522 533 598 
975 811 
976 113 
977 201 
978 356 
979 22 173 546 
980 37 72 262 796 
981 37 42 149 601 
982 377 896 
983 2 20 357 642 663 783 816 893 
984 944 
985 0 28 81 468 588 735 817 
986 399 679 
987 926 
988 726 
989 695 
990 584 769 794 
991 508 
992 0 3 14 37 48 58 67 102 198 394 580 587 705 743 804 846 848 
993 299 351 
994 826 
995 54 304 335 359 377 723 742 
996 158 
997 755 800 
998 4 5 
999 140 887 
