0 
1 0 
2 0 
3 0 2 
4 2 
5 2 
6 0 
7 6 
8 1 
9 2 
10 0 6 7 
11 1 8 
12 6 7 10 
13 2 
14 13 
15 1 8 11 
16 4 
17 0 2 4 16 
18 8 
19 1 8 11 15 
20 17 
21 11 
22 2 
23 21 
24 1 8 11 18 
25 19 
26 19 
27 3 
28 0 1 8 11 
29 17 
30 12 
31 20 
32 0 1 
33 17 20 29 
34 1 8 11 18 19 24 25 26 28 32 
35 0 1 32 
36 0 
37 0 2 4 16 17 
38 26 
39 3 27 
40 35 
41 1 8 11 15 19 26 
42 0 2 13 
43 0 1 8 11 15 19 35 40 41 
44 8 11 
45 2 4 16 17 37 
46 38 
47 29 
48 15 
49 1 8 11 18 24 34 
50 19 26 34 
51 35 40 
52 14 
53 0 1 2 3 26 27 34 
54 0 26 53 
55 8 18 
56 50 
57 24 34 49 
58 37 
59 35 51 
60 53 
61 14 52 
62 1 8 11 15 19 44 48 
63 35 40 51 59 
64 6 
65 24 
66 22 
67 29 47 
68 0 2 4 16 17 35 37 43 45 
69 10 12 30 
70 35 40 51 
71 69 
72 34 
73 56 
74 27 
75 64 
76 23 
77 63 
78 49 
79 25 
80 22 
81 0 1 4 16 17 32 35 37 40 41 43 63 68 
82 76 
83 44 
84 14 
85 0 10 
86 2 37 40 43 81 
87 61 
88 65 
89 13 14 
90 52 61 87 
91 49 
92 16 
93 21 23 
94 13 42 
95 10 
96 8 
97 0 1 53 
98 25 
99 14 52 90 
