0 5 19 22 33 34 40 43 45 60 71 83 89 92 101 142 158 160 169 194 268 276 321 322 324 352 356 360 370 391 395 409 412 474 483 493 524 545 552 554 581 583 584 613 641 688 717 747 750 756 770 773 774 784 788 800 801 830 840 857 884 905 1005 
1 3 4 176 268 278 320 360 412 418 492 516 528 552 578 586 622 643 684 710 716 808 809 864 940 
2 1 2 4 43 45 76 128 194 204 216 240 300 334 347 353 453 473 481 512 547 600 637 648 656 677 705 711 808 832 913 999 
3 176 258 264 412 541 588 596 697 768 833 
4 42 66 129 139 152 177 194 212 233 259 272 275 282 368 434 436 443 444 465 497 528 544 667 680 729 749 784 810 874 
5 200 274 355 416 472 564 578 610 706 768 802 804 
6 97 105 120 147 200 256 264 433 507 512 752 769 803 856 897 928 
7 56 440 442 560 585 664 690 816 
8 6 9 16 22 64 84 90 96 135 189 192 208 222 258 260 263 356 432 592 608 689 723 821 932 
9 4 5 64 88 100 151 180 272 466 528 651 930 1012 
10 1 21 64 112 256 285 308 389 532 613 692 720 864 
11 24 28 82 384 528 576 692 
12 192 258 272 273 288 577 738 882 
13 64 352 388 404 416 512 
14 122 208 353 480 801 849 882 
15 64 96 480 720 
16 2 34 37 40 47 69 75 96 131 146 257 259 276 290 296 300 336 360 503 514 544 583 642 759 864 
17 11 130 268 296 456 590 672 678 850 932 1000 
18 164 262 325 353 404 424 480 580 584 615 760 781 
19 36 64 522 728 768 840 928 
20 34 65 72 141 258 264 517 608 640 641 841 965 
21 0 8 44 128 138 193 
22 100 130 288 328 929 961 
23 129 585 856 864 
24 47 69 162 167 192 193 196 257 321 578 705 802 877 903 934 944 
25 70 141 228 230 452 522 581 
26 128 326 609 644 864 
27 292 366 768 836 
28 35 71 257 898 930 994 
29 34 138 256 278 
30 
31 
32 3 71 78 130 140 202 240 266 272 273 276 322 390 449 456 516 520 594 595 667 707 714 913 937 991 
33 64 67 68 132 282 328 512 523 530 538 601 630 720 774 928 
34 28 137 145 154 344 404 461 648 840 919 
35 4 33 156 480 548 848 850 
36 0 10 72 96 130 211 243 579 588 602 640 788 
37 8 32 194 320 467 512 658 712 792 921 
38 64 128 336 528 533 664 834 
39 26 260 400 
40 2 68 226 260 447 517 619 648 722 774 
41 147 216 262 356 592 926 
42 16 17 68 128 176 656 788 836 
43 22 276 392 496 772 
44 64 144 259 272 448 531 
45 
46 256 272 400 
47 
48 8 67 129 157 261 321 324 388 719 771 832 835 904 913 
49 66 70 134 148 268 548 
50 268 376 384 385 448 520 
51 340 577 
52 33 320 584 680 
53 420 896 
54 392 840 
55 300 576 
56 512 549 643 704 804 
57 
58 0 
59 6 320 784 
60 67 258 260 
61 
62 
63 
64 13 20 23 48 58 117 275 290 313 415 419 544 580 590 591 610 650 668 784 785 803 928 942 
65 37 132 146 156 262 288 302 396 428 466 488 528 544 550 898 
66 22 40 128 161 168 444 512 528 555 784 837 929 
67 8 28 62 400 548 585 
68 8 48 112 201 267 426 490 593 640 651 682 774 777 801 920 931 
69 138 178 216 547 552 656 944 
70 1 157 268 520 
71 176 276 400 769 
72 5 18 114 129 144 241 256 417 644 672 800 
73 18 264 272 525 648 
74 0 4 5 133 162 389 436 561 677 
75 4 144 568 
76 153 227 306 
77 1 32 132 561 
78 1 290 
79 48 792 
80 3 41 48 68 204 211 262 282 301 385 396 397 482 641 826 904 910 
81 50 148 300 820 906 
82 100 172 269 288 292 392 520 544 
83 
84 16 33 129 168 259 385 913 
85 587 876 
86 8 104 160 163 682 
87 392 640 672 
88 2 167 448 544 547 548 946 
89 1 
90 165 
91 192 384 
92 
93 
94 84 932 
95 676 
96 42 119 154 275 299 391 517 537 555 577 666 774 798 
97 280 384 385 404 658 915 
98 139 413 432 453 658 778 
99 
100 32 130 280 290 531 922 
101 2 134 448 
102 129 184 259 417 517 528 643 
103 0 
104 3 20 25 158 
105 128 132 146 516 780 
106 4 296 
107 20 
108 1 385 
109 
110 
111 
112 0 10 138 266 344 541 578 592 640 652 962 
113 775 908 
114 4 512 524 912 
115 173 
116 1 98 897 
117 74 538 542 
118 513 577 
119 8 
120 386 387 517 
121 
122 183 272 513 902 
123 256 
124 0 7 129 
125 
126 134 
127 
128 5 24 33 71 80 90 98 128 312 323 356 362 413 452 512 585 594 600 601 804 824 881 
129 0 20 38 58 64 274 278 292 320 580 681 769 890 992 
130 78 80 88 132 147 256 264 282 324 500 532 562 571 592 658 773 801 871 900 940 952 
131 64 258 308 362 529 548 784 817 
132 8 10 64 96 107 192 264 353 362 779 
133 58 66 273 328 752 776 856 
134 24 40 64 537 617 784 788 
135 264 552 576 904 
136 2 30 32 37 84 100 114 209 261 273 276 358 514 515 518 
137 0 16 40 64 594 626 786 
138 4 64 272 541 
139 193 594 772 
140 37 69 265 288 337 851 
141 20 53 144 512 
142 0 257 369 608 
143 800 
144 1 4 67 72 363 514 516 518 589 772 866 907 
145 166 192 352 513 768 876 
146 12 38 77 385 907 932 
147 630 640 812 
148 42 266 267 281 611 810 
149 578 
150 1 8 337 521 
151 
152 9 193 449 528 576 608 624 802 806 906 
153 50 288 320 
154 41 514 805 
155 
156 32 609 
157 578 
158 81 322 329 
159 70 836 
160 0 2 111 256 375 453 515 545 548 590 712 773 788 
161 5 9 80 516 768 784 976 
162 40 77 405 817 822 
163 
164 14 112 297 443 472 562 832 
165 24 114 910 
166 456 776 
167 
168 257 324 571 576 662 844 
169 
170 22 529 
171 
172 69 134 322 
173 68 
174 
175 520 
176 0 2 73 299 392 611 618 961 975 
177 288 
178 0 65 200 280 811 888 
179 182 
180 162 194 
181 
182 0 
183 
184 164 714 752 
185 71 
186 
187 76 768 
188 130 
189 514 
190 
191 
192 0 6 17 280 521 544 556 557 570 784 785 835 953 
193 24 38 160 170 201 264 296 420 512 782 972 
194 532 553 770 
195 28 544 550 
196 160 401 
197 0 304 
198 29 128 568 824 
199 522 
200 18 36 162 514 535 544 
201 48 56 806 
202 0 34 
203 8 56 848 
204 3 96 
205 
206 3 554 
207 0 514 
208 1 33 73 256 328 584 776 
209 12 
210 32 44 261 
211 0 8 
212 210 264 266 672 
213 0 288 
214 544 912 
215 340 
216 645 929 946 
217 544 
218 121 265 
219 
220 3 291 
221 
222 
223 512 
224 5 204 270 
225 54 256 262 
226 273 
227 124 
228 0 32 152 707 
229 18 790 
230 664 
231 
232 0 17 18 22 50 169 
233 10 544 
234 16 260 
235 528 
236 18 298 520 784 
237 
238 
239 
240 4 521 525 896 
241 648 
242 
243 4 266 
244 512 520 
245 
246 555 
247 
248 
249 
250 
251 
252 256 
253 
254 
255 
256 1 5 8 12 17 18 30 32 40 41 74 136 142 150 195 213 270 352 462 523 532 533 544 568 582 585 586 593 
257 15 26 68 185 392 513 642 744 
258 26 33 41 64 91 96 116 132 162 173 188 192 514 681 689 824 
259 17 32 89 516 584 848 
260 0 2 23 160 177 272 370 517 538 554 562 585 617 768 789 896 
261 140 168 210 
262 64 112 200 592 600 656 816 896 
263 48 77 688 768 836 936 
264 3 34 37 67 81 189 192 230 545 564 755 
265 2 148 154 160 580 614 
266 0 32 35 69 224 704 
267 8 580 
268 1 3 51 167 
269 194 228 772 
270 673 
271 215 256 738 
272 4 13 33 46 65 74 92 137 422 547 564 672 723 802 848 
273 100 138 194 324 522 836 
274 9 44 224 332 583 713 
275 556 712 
276 11 33 226 482 586 592 698 706 
277 650 
278 
279 4 356 
280 4 20 65 162 488 503 546 548 583 
281 1 
282 608 960 964 
283 12 643 
284 1 66 264 576 
285 512 738 
286 
287 
288 6 27 128 164 194 195 258 409 515 658 793 842 
289 72 82 333 710 
290 25 129 197 392 512 522 544 610 711 
291 104 152 156 
292 216 273 387 514 582 737 
293 2 
294 15 48 66 96 193 194 329 384 516 593 656 896 
295 537 584 
296 2 5 20 32 144 308 648 724 737 982 
297 3 18 22 96 692 
298 
299 608 
300 16 514 706 
301 
302 
303 192 
304 18 171 448 522 523 785 900 
305 68 776 
306 130 
307 
308 619 976 
309 576 
310 548 
311 
312 131 581 
313 148 
314 64 
315 
316 
317 
318 
319 
320 2 8 27 40 41 44 48 49 113 128 217 321 528 552 641 731 771 896 
321 143 262 460 596 
322 128 
323 108 520 544 
324 3 184 192 
325 20 137 144 545 550 689 
326 401 513 579 648 
327 
328 104 274 604 643 645 
329 21 136 214 
330 128 
331 44 
332 
333 256 513 
334 513 
335 
336 8 67 139 301 
337 4 430 516 557 622 698 
338 65 1012 
339 174 
340 37 72 96 129 
341 170 514 522 
342 
343 652 
344 641 653 
345 764 
346 
347 
348 145 
349 
350 929 
351 
352 8 27 273 330 413 529 530 594 640 652 
353 134 580 
354 801 
355 24 25 132 
356 
357 74 
358 
359 
360 516 646 
361 
362 72 
363 
364 
365 608 
366 
367 
368 40 128 138 175 658 
369 768 
370 128 517 
371 
372 
373 
374 
375 130 
376 0 3 133 706 
377 
378 
379 132 
380 
381 
382 
383 
384 4 5 49 64 85 92 97 345 530 555 
385 0 16 36 48 84 336 
386 8 21 65 104 
387 636 
388 152 243 544 652 851 
389 
390 17 25 40 512 
391 
392 291 544 546 592 596 
393 20 514 
394 528 547 549 
395 4 208 
396 17 19 513 563 
397 67 
398 97 304 
399 
400 76 262 480 514 711 745 
401 
402 560 
403 96 620 718 
404 9 129 194 608 821 
405 441 592 
406 
407 
408 32 550 
409 162 356 
410 4 512 774 780 
411 16 
412 1 64 545 
413 
414 193 288 
415 53 260 672 
416 5 65 517 540 580 656 
417 86 298 856 
418 4 
419 20 592 
420 33 
421 24 64 
422 
423 528 
424 833 
425 
426 
427 328 
428 
429 515 594 
430 80 
431 
432 0 13 275 577 582 
433 
434 5 772 
435 640 
436 42 289 514 
437 0 
438 
439 
440 4 
441 
442 
443 
444 
445 
446 512 
447 0 
448 15 61 67 105 524 549 672 
449 533 
450 4 257 
451 
452 1 574 
453 274 530 
454 
455 
456 0 46 
457 1 
458 
459 
460 33 882 
461 
462 588 676 
463 560 
464 0 7 66 572 
465 64 
466 2 6 289 931 
467 520 612 
468 74 
469 
470 32 
471 36 
472 3 519 
473 144 
474 5 
475 386 
476 
477 
478 
479 
480 17 
481 8 
482 
483 4 564 
484 1 
485 640 792 
486 
487 
488 259 
489 
490 
491 772 
492 
493 
494 
495 
496 519 
497 6 
498 
499 
500 
501 
502 
503 520 
504 
505 
506 529 
507 
508 
509 
510 
511 
512 3 10 16 35 38 78 81 215 232 241 258 296 378 400 412 416 441 554 
513 64 72 112 144 152 168 265 270 273 356 416 520 558 748 
514 13 20 96 129 157 168 176 276 293 356 472 518 592 845 962 
515 0 80 96 130 164 176 224 262 491 496 
516 11 17 105 120 144 146 170 216 234 250 291 296 392 416 417 500 609 616 
517 16 34 128 138 216 450 470 657 
518 24 32 42 56 112 144 177 200 216 456 524 904 
519 128 165 264 
520 4 34 36 96 112 138 241 249 250 260 306 402 466 512 723 
521 152 354 
522 60 161 
523 218 
524 3 194 283 
525 17 97 215 368 832 
526 48 97 145 256 324 
527 16 496 
528 14 33 72 234 240 360 429 430 460 876 
529 0 4 33 38 70 142 192 206 544 
530 9 37 133 261 560 
531 
532 3 43 422 539 
533 72 753 
534 1 390 553 938 
535 32 
536 34 38 260 628 800 
537 32 64 66 97 128 256 265 390 
538 65 128 
539 385 
540 32 386 802 
541 
542 85 256 353 421 
543 393 
544 0 9 24 131 137 317 
545 4 10 16 
546 13 130 141 224 260 409 712 
547 12 74 256 
548 0 19 64 155 192 193 606 640 946 
549 137 192 410 
550 
551 282 
552 3 81 97 257 324 385 404 455 834 837 
553 770 
554 80 131 212 
555 260 
556 8 48 88 257 944 
557 272 
558 976 
559 
560 14 68 129 328 394 448 462 489 
561 64 644 
562 581 
563 0 412 
564 
565 544 
566 392 803 
567 129 384 
568 256 
569 
570 8 16 128 129 452 533 
571 
572 256 
573 
574 400 
575 
576 26 30 137 228 258 290 294 298 357 518 560 577 658 
577 18 130 134 268 296 409 
578 29 285 
579 10 433 
580 2 138 141 155 395 400 424 
581 8 34 84 398 672 
582 128 132 788 824 
583 257 
584 35 293 
585 130 160 384 512 896 
586 60 
587 
588 
589 306 
590 
591 
592 0 101 189 418 540 706 773 
593 256 414 651 714 
594 0 5 136 163 
595 1 108 390 400 
596 130 265 530 
597 136 
598 288 
599 
600 38 128 272 289 966 
601 736 
602 160 420 
603 
604 33 307 
605 
606 273 
607 
608 18 132 143 259 276 586 669 812 960 
609 152 398 
610 0 136 
611 16 572 
612 4 531 
613 
614 265 
615 
616 400 
617 4 20 198 276 
618 8 177 256 293 
619 
620 263 
621 272 
622 3 129 
623 
624 650 
625 334 344 
626 7 
627 647 
628 34 264 
629 74 
630 
631 
632 
633 
634 
635 
636 
637 1 
638 
639 256 
640 8 128 142 257 295 306 324 326 337 360 386 430 529 530 768 
641 12 36 68 100 120 322 352 
642 8 65 96 112 276 280 
643 48 312 
644 258 532 580 
645 35 99 266 353 
646 7 81 284 520 544 
647 12 44 
648 18 51 212 275 338 389 722 
649 788 
650 96 128 
651 
652 3 66 104 544 963 
653 
654 0 145 259 
655 33 
656 32 259 261 417 568 
657 73 266 296 864 
658 1 289 
659 40 140 458 
660 0 10 40 67 80 104 261 264 576 
661 74 
662 
663 
664 22 417 833 
665 270 
666 
667 
668 
669 
670 32 104 
671 
672 24 277 334 521 
673 58 262 434 526 
674 96 260 345 808 
675 264 
676 65 
677 
678 265 
679 64 308 
680 22 273 598 850 
681 144 
682 324 
683 
684 64 258 
685 
686 
687 
688 20 833 
689 8 
690 773 
691 
692 545 
693 10 
694 
695 
696 40 513 
697 
698 108 
699 
700 320 
701 
702 585 
703 
704 278 516 816 
705 306 514 
706 32 372 
707 428 516 
708 0 
709 18 32 337 787 848 
710 9 
711 
712 
713 4 
714 16 516 520 
715 
716 33 145 384 
717 
718 
719 360 
720 32 261 300 647 
721 1 
722 812 
723 341 
724 33 276 366 
725 298 
726 
727 
728 10 
729 
730 
731 
732 32 
733 
734 
735 
736 
737 
738 0 
739 16 269 276 
740 10 32 520 
741 
742 
743 
744 
745 
746 273 
747 
748 
749 
750 
751 
752 271 
753 2 523 
754 
755 
756 
757 136 
758 
759 
760 257 
761 
762 
763 262 
764 907 
765 
766 
767 
768 17 36 46 59 64 121 123 148 150 195 238 349 530 
769 24 34 136 192 322 764 
770 17 49 205 210 
771 408 428 
772 9 69 273 911 
773 88 704 
774 17 25 512 676 
775 144 
776 2 19 35 107 146 148 418 
777 36 66 
778 
779 8 
780 128 945 
781 176 
782 133 
783 
784 9 100 290 
785 12 158 187 220 620 
786 1 104 145 172 200 352 
787 200 
788 485 584 812 
789 138 896 
790 67 
791 0 
792 20 32 130 
793 186 208 
794 134 193 
795 32 
796 132 
797 
798 65 
799 
800 40 65 66 68 84 85 150 233 
801 4 64 86 141 
802 136 146 
803 90 208 216 
804 601 849 
805 
806 
807 
808 92 100 724 
809 134 454 
810 
811 
812 17 211 218 
813 
814 
815 320 
816 70 385 548 
817 66 
818 460 
819 
820 2 12 
821 
822 449 
823 
824 
825 17 
826 67 196 
827 32 
828 
829 
830 
831 
832 22 104 131 296 701 
833 448 
834 36 60 129 237 329 
835 128 
836 1 3 156 
837 39 
838 9 
839 180 
840 0 163 
841 182 
842 39 256 
843 672 
844 34 402 561 
845 
846 49 
847 
848 0 42 
849 282 344 868 
850 48 
851 
852 98 
853 
854 
855 
856 
857 260 
858 1 
859 
860 513 
861 
862 
863 
864 153 285 
865 142 
866 140 901 
867 
868 
869 18 153 
870 
871 152 
872 274 
873 3 
874 
875 
876 342 
877 
878 
879 
880 4 14 128 
881 
882 
883 24 
884 
885 
886 
887 
888 
889 0 
890 
891 
892 131 
893 
894 
895 
896 71 98 268 
897 144 534 
898 98 382 
899 
900 17 32 107 113 194 
901 0 18 704 
902 65 
903 
904 39 53 339 400 
905 4 
906 4 
907 
908 
909 450 
910 
911 
912 33 97 
913 262 
914 136 
915 9 
916 9 
917 
918 
919 
920 
921 
922 
923 68 
924 
925 82 
926 
927 736 
928 64 
929 192 
930 8 
931 9 
932 
933 70 258 
934 0 65 
935 
936 100 
937 768 
938 
939 
940 214 
941 
942 
943 
944 69 100 143 
945 
946 
947 
948 
949 
950 41 
951 
952 
953 
954 
955 
956 
957 
958 
959 
960 38 569 
961 
962 5 552 
963 
964 45 152 
965 
966 31 
967 
968 593 
969 128 
970 48 
971 0 
972 176 
973 
974 
975 
976 544 550 
977 
978 
979 
980 8 
981 
982 
983 
984 
985 
986 
987 
988 
989 2 32 98 
990 
991 
992 256 
993 8 
994 
995 
996 
997 
998 512 
999 584 
1000 30 
1001 
1002 
1003 
1004 
1005 16 
1006 
1007 
1008 13 
1009 
1010 
1011 
1012 
1013 
1014 
1015 
1016 
1017 
1018 
1019 
1020 
1021 
1022 
1023 
