0 7 13 16 21 28 67 76 79 84 88 96 99 101 116 128 131 160 190 224 233 235 269 286 322 324 332 355 356 374 419 420 461 472 489 498 
1 0 2 10 25 70 74 88 108 146 172 228 230 261 288 297 300 308 336 406 416 440 449 482 
2 21 24 84 101 102 118 119 128 146 260 268 277 289 325 328 341 356 360 418 462 
3 4 24 40 49 84 154 160 256 293 320 324 461 
4 0 10 24 34 53 86 96 105 132 136 162 176 224 258 298 321 330 336 339 392 403 445 
5 22 42 144 256 258 264 320 368 378 400 448 
6 8 32 35 84 97 107 113 129 192 248 328 339 385 
7 16 96 152 202 208 264 336 346 
8 0 2 6 97 123 164 166 179 259 292 294 306 485 
9 102 114 176 257 276 278 326 392 402 448 
10 57 73 244 288 389 416 450 
11 0 37 56 98 178 
12 5 56 106 128 160 225 281 400 402 
13 50 94 96 256 346 352 434 
14 4 18 60 81 258 320 345 432 
15 2 322 
16 0 1 5 16 40 69 80 129 167 168 188 288 290 308 406 
17 4 8 16 42 70 160 264 268 388 
18 1 33 64 96 141 236 257 289 293 484 
19 39 264 358 
20 66 96 130 161 179 211 226 449 
21 3 12 36 194 374 
22 65 108 235 389 417 440 
23 64 80 428 
24 4 33 35 352 454 
25 14 35 168 416 
26 0 32 128 288 356 454 
27 64 388 
28 11 131 304 323 
29 9 32 322 482 
30 
31 224 
32 5 6 9 12 16 24 34 74 82 128 132 136 142 145 161 162 194 196 201 202 208 270 272 275 320 347 455 
33 0 8 49 137 168 200 370 458 
34 1 79 98 113 126 342 
35 0 16 20 80 112 468 
36 73 80 129 192 196 267 282 
37 162 320 
38 16 91 176 272 388 
39 58 88 144 256 
40 82 100 133 199 264 320 
41 24 132 156 161 290 448 
42 5 384 
43 20 68 
44 1 50 200 
45 146 194 
46 
47 418 
48 13 40 47 64 100 259 260 321 322 457 
49 70 132 262 392 
50 1 65 392 
51 65 284 448 
52 176 264 274 409 
53 342 440 
54 193 258 321 465 
55 8 264 
56 139 191 321 390 
57 194 
58 133 197 
59 4 
60 260 434 461 
61 2 258 
62 289 
63 1 
64 0 12 13 17 24 32 45 68 104 130 140 179 193 268 269 284 312 364 
65 16 17 44 128 168 198 240 288 290 390 416 438 440 
66 20 44 148 157 192 
67 268 
68 17 27 41 59 83 98 129 168 202 290 
69 54 258 267 290 
70 41 153 256 275 306 309 
71 152 240 
72 97 256 273 336 416 
73 35 70 215 224 262 
74 0 19 66 272 
75 
76 20 
77 390 
78 385 
79 24 
80 8 14 20 37 132 192 294 
81 36 282 436 440 
82 96 128 137 140 
83 32 322 
84 129 148 393 
85 130 290 
86 488 
87 416 
88 150 231 385 
89 
90 260 385 
91 128 384 
92 31 162 257 
93 130 131 290 434 
94 129 
95 132 
96 0 25 156 171 205 225 268 286 300 392 
97 401 
98 12 17 80 397 
99 
100 8 50 258 400 425 
101 3 134 256 386 467 
102 29 296 385 
103 186 
104 19 86 133 176 343 
105 35 
106 20 66 388 
107 128 
108 0 4 12 130 
109 206 
110 34 384 
111 20 
112 138 393 468 
113 260 
114 310 
115 285 
116 129 264 
117 
118 
119 
120 128 129 
121 256 
122 
123 
124 
125 
126 
127 
128 5 38 40 80 105 110 142 195 236 263 280 306 311 340 484 
129 14 56 168 174 252 264 381 
130 5 24 48 92 100 115 160 333 335 364 
131 96 260 280 
132 2 19 33 64 97 258 288 
133 118 259 
134 96 
135 10 144 305 
136 14 17 19 21 65 70 92 282 327 
137 90 346 
138 0 4 84 276 
139 16 
140 258 273 369 
141 96 288 336 
142 256 289 
143 0 370 
144 102 123 144 194 295 296 344 458 
145 67 110 260 322 
146 64 256 258 264 268 273 
147 40 
148 410 
149 0 
150 1 97 258 385 
151 
152 34 35 88 261 423 
153 
154 0 325 
155 64 
156 360 
157 
158 32 65 104 328 
159 
160 8 69 79 256 278 283 305 322 
161 4 8 10 204 266 294 320 
162 197 392 
163 308 336 
164 72 265 280 321 
165 0 406 
166 
167 
168 16 71 
169 
170 20 64 265 
171 4 320 
172 2 114 
173 
174 64 
175 0 2 
176 2 83 265 266 
177 0 14 28 256 
178 
179 66 268 332 357 
180 
181 
182 
183 
184 
185 
186 
187 
188 0 
189 66 345 
190 
191 
192 4 29 36 259 
193 6 22 48 68 136 273 280 
194 24 27 48 172 281 
195 48 
196 17 290 313 402 
197 1 464 
198 57 257 264 297 
199 
200 49 285 
201 6 16 
202 16 
203 
204 1 49 81 96 147 205 
205 32 
206 51 256 292 
207 
208 37 164 294 417 
209 168 
210 76 258 
211 368 
212 
213 32 
214 0 1 
215 72 
216 264 
217 0 
218 172 
219 70 
220 
221 
222 
223 
224 31 129 183 
225 
226 281 
227 284 
228 
229 
230 0 60 
231 
232 
233 
234 
235 129 
236 257 
237 17 
238 68 
239 
240 10 43 270 
241 2 
242 10 
243 12 
244 422 
245 
246 
247 273 
248 6 
249 38 387 
250 
251 
252 
253 258 
254 
255 
256 19 25 32 64 66 68 107 122 217 253 277 296 302 480 
257 32 34 100 109 120 128 160 204 224 250 316 440 
258 12 41 45 61 101 137 209 217 296 360 468 
259 320 437 
260 32 72 73 145 257 450 
261 2 16 56 72 420 
262 0 16 17 65 96 128 312 
263 80 258 
264 82 83 144 162 164 174 224 230 
265 26 68 102 114 
266 17 76 133 273 
267 260 
268 102 203 210 
269 2 64 80 84 
270 9 65 84 101 208 
271 213 
272 11 21 41 68 152 161 203 418 
273 66 128 164 360 386 
274 0 5 37 153 165 204 229 485 
275 78 
276 34 229 265 
277 64 128 
278 
279 121 
280 32 33 58 292 
281 
282 198 
283 68 134 356 
284 0 131 
285 
286 
287 
288 33 66 81 94 142 168 192 235 260 277 455 
289 71 98 140 
290 337 
291 24 76 
292 17 40 
293 154 164 192 
294 16 55 76 125 
295 
296 72 92 
297 
298 240 
299 13 
300 134 139 146 
301 
302 16 160 
303 
304 216 448 
305 76 
306 1 
307 
308 7 64 385 
309 138 150 168 
310 
311 
312 4 326 
313 132 
314 0 1 
315 224 274 
316 27 
317 
318 
319 
320 8 165 183 
321 2 4 42 53 
322 0 16 41 98 144 195 381 
323 41 178 
324 2 131 400 
325 56 130 258 344 
326 8 37 81 136 
327 
328 38 113 
329 5 432 
330 151 
331 160 
332 16 49 
333 
334 163 259 
335 
336 2 3 56 179 196 
337 
338 4 73 150 300 
339 4 33 272 
340 258 394 
341 
342 
343 
344 1 6 160 
345 
346 1 
347 4 262 
348 
349 
350 41 
351 
352 0 8 50 
353 2 36 113 
354 17 400 
355 8 
356 211 
357 
358 9 
359 0 128 136 
360 18 466 
361 
362 
363 
364 
365 
366 0 
367 
368 4 9 20 129 192 256 
369 30 144 
370 1 
371 
372 256 288 
373 
374 
375 8 
376 22 
377 
378 272 
379 192 
380 
381 
382 0 
383 
384 13 29 65 72 121 137 289 338 
385 0 21 58 118 
386 16 57 64 
387 0 
388 16 64 200 322 
389 8 18 34 40 200 240 
390 
391 
392 0 38 
393 84 
394 16 20 
395 0 
396 8 
397 
398 386 
399 
400 
401 103 
402 73 
403 13 72 
404 2 221 
405 144 
406 
407 
408 96 
409 98 
410 
411 
412 
413 
414 
415 0 
416 0 131 384 
417 2 
418 
419 
420 115 
421 2 27 
422 264 
423 312 
424 21 27 
425 66 
426 
427 172 
428 1 48 
429 
430 
431 
432 
433 
434 
435 12 
436 
437 0 
438 66 256 
439 
440 66 
441 
442 
443 
444 32 
445 
446 
447 
448 73 
449 
450 
451 13 32 
452 
453 
454 
455 128 
456 50 101 
457 
458 0 81 
459 
460 425 
461 
462 
463 
464 37 100 
465 
466 49 
467 
468 11 
469 
470 
471 
472 17 
473 256 
474 
475 
476 
477 
478 
479 
480 8 18 345 
481 10 16 
482 0 
483 4 
484 
485 
486 25 
487 20 
488 
489 
490 
491 
492 
493 
494 
495 
496 1 
497 4 
498 
499 12 
500 
501 
502 
503 
504 
505 
506 
507 
508 
509 
510 
511 
