0 0 7 22 32 40 43 69 72 78 86 88 98 104 
1 4 10 15 20 34 59 
2 8 12 24 63 72 76 80 82 88 114 
3 33 76 
4 16 21 33 34 47 56 82 
5 
6 16 
7 80 104 
8 3 6 18 36 54 67 80 
9 8 70 86 96 114 
10 0 25 32 53 80 100 
11 0 48 
12 1 3 19 64 
13 48 52 
14 74 
15 
16 4 42 76 96 99 105 
17 40 
18 9 37 100 
19 0 4 5 28 68 
20 0 8 12 41 43 69 97 
21 
22 81 
23 12 64 72 104 
24 102 
25 1 26 40 68 
26 20 32 34 
27 118 
28 32 
29 3 
30 
31 32 
32 1 5 8 17 23 67 68 75 91 118 
33 31 36 66 91 98 
34 0 69 80 
35 84 
36 32 58 68 
37 64 69 
38 
39 72 
40 17 68 103 
41 4 
42 16 20 52 64 
43 96 
44 
45 3 64 
46 81 
47 
48 0 6 66 73 104 
49 2 
50 4 68 
51 
52 8 75 
53 
54 
55 
56 22 
57 64 105 
58 21 
59 0 
60 
61 
62 
63 
64 16 34 48 49 
65 2 40 
66 35 38 44 50 61 
67 33 60 
68 0 8 25 35 50 56 98 
69 0 18 32 
70 11 36 
71 16 
72 2 4 6 16 32 80 115 
73 10 
74 49 96 
75 16 24 
76 16 19 
77 64 96 
78 48 64 
79 
80 0 4 35 
81 16 24 42 
82 0 2 
83 37 
84 8 40 
85 0 19 
86 65 
87 66 
88 4 106 
89 58 
90 44 
91 
92 
93 16 
94 
95 
96 30 
97 11 
98 4 
99 20 80 
100 3 19 24 
101 17 
102 
103 4 
104 
105 40 
106 42 
107 
108 1 6 
109 
110 
111 
112 6 16 24 
113 0 
114 0 25 29 
115 
116 27 
117 8 19 
118 
119 
120 84 
121 
122 
123 
124 
125 6 
126 
127 
