0 
1 0 
2 0 1 
3 0 
4 2 
5 2 4 
6 0 1 2 4 5 
7 2 
8 0 5 6 
9 4 5 6 8 
10 0 
11 7 
12 10 
13 5 9 
14 8 9 13 
15 14 
16 15 
17 10 
18 17 
19 15 16 
20 8 
21 0 1 2 3 6 7 8 11 
22 18 
23 10 12 17 
24 2 5 
25 17 18 
26 1 
27 1 
28 1 
29 19 
30 29 
31 0 3 21 
32 20 
33 2 4 5 
34 17 18 22 25 
35 25 
36 31 
37 12 
38 32 
39 8 14 15 
40 18 22 25 34 
41 38 
42 4 
43 1 2 4 6 27 42 
44 30 
45 0 2 4 5 9 13 14 39 42 
46 3 31 
47 0 1 2 3 10 12 21 31 36 46 
48 10 12 37 
49 2 4 5 8 9 14 15 20 32 38 39 41 45 
50 2 4 5 6 8 9 14 24 45 
51 38 41 49 
52 23 
53 2 49 
54 2 24 50 
55 2 42 43 45 
56 25 
57 53 
58 49 
59 25 
60 50 54 
61 8 
62 5 
63 51 
64 17 
65 60 
66 0 1 2 4 5 24 26 
67 46 
68 49 58 
69 0 1 2 4 5 6 8 9 13 14 15 24 39 43 45 47 49 50 
70 0 10 17 18 22 25 34 40 
71 58 
72 36 
73 40 
74 25 34 40 
75 1 2 4 5 6 8 14 15 24 39 42 45 50 69 
76 65 
77 17 25 34 
78 77 
79 20 
80 54 60 
81 10 12 17 18 22 23 25 34 37 40 47 48 70 
82 62 
83 80 
84 80 
85 77 
86 84 
87 83 
88 60 80 83 87 
89 10 17 18 25 34 40 74 77 81 
90 70 81 
91 60 65 
92 90 
93 10 12 17 18 48 81 
94 10 17 18 25 34 70 77 85 
95 86 
96 22 40 74 81 89 
97 28 
98 61 
99 86 95 
100 35 
101 19 29 
102 2 4 5 
103 32 38 
104 51 63 
105 89 
106 62 82 
107 14 15 50 69 
108 71 
109 46 
110 50 54 60 
111 28 97 
112 108 
113 104 
114 91 
115 14 15 39 75 107 
116 72 
117 100 
118 2 45 55 
119 2 4 24 50 54 102 
120 61 98 
121 73 
122 70 90 94 
123 0 4 6 9 13 21 42 43 49 66 69 75 
124 2 9 42 43 45 47 55 75 118 
125 81 
126 21 
127 46 
128 41 
129 89 
130 20 32 79 
131 22 
132 0 2 4 5 8 9 13 33 39 42 43 45 47 55 69 75 118 124 
133 0 2 4 5 6 8 9 14 15 38 41 42 45 49 50 51 66 69 75 102 107 123 
134 51 
135 10 12 48 
136 40 81 125 
137 82 
138 61 
139 10 48 
140 88 
141 2 4 5 8 20 21 32 49 79 103 130 132 
142 4 
143 5 102 
144 74 
145 137 
146 0 10 
147 124 132 
148 132 
149 2 
150 11 21 126 
151 113 
152 1 2 32 38 49 51 53 57 63 104 113 151 
153 131 
154 127 
155 109 
156 19 
157 66 69 123 133 
158 0 1 2 4 5 8 9 13 14 15 39 45 49 50 61 69 70 75 107 110 115 123 124 133 138 152 
159 35 100 117 
160 13 14 42 49 50 51 63 75 133 
161 2 4 6 8 20 42 75 79 123 130 141 158 
162 144 
163 21 
164 22 70 
165 121 
166 60 65 76 
167 57 
168 116 
169 31 
170 28 111 
171 4 5 102 
172 83 87 88 140 
173 9 13 
174 83 88 140 172 
175 81 
176 166 
177 45 
178 60 91 
179 56 
180 5 50 60 65 166 176 
181 52 
182 2 4 5 6 8 9 15 21 22 24 25 31 34 36 42 43 45 47 50 54 55 56 66 69 81 94 102 107 110 115 118 119 123 124 132 133 147 157 158 171 179 
183 2 4 5 24 45 50 55 66 
184 71 
185 49 130 141 
186 29 30 44 
187 22 81 131 153 
188 34 81 
189 70 90 92 94 122 
190 147 
191 54 
192 92 
193 173 
194 97 111 
195 127 154 
196 115 
197 31 47 
198 1 2 5 6 8 50 152 
199 4 9 49 54 66 133 152 182 
200 121 165 
201 41 49 51 53 57 104 113 151 152 167 
202 188 
203 0 1 2 66 118 
204 25 56 77 89 94 
205 65 
206 151 
207 181 
208 28 97 111 170 
209 83 87 88 
210 44 
211 81 188 
212 148 
213 133 182 
214 146 
215 207 
216 124 
217 70 
218 36 
219 166 176 180 
220 2 4 24 49 50 54 60 65 91 102 110 119 143 160 171 178 182 
221 133 213 
222 8 
223 10 12 
224 158 182 
225 111 
226 144 162 
227 148 
228 142 
229 108 112 
230 2 5 8 9 14 15 20 32 39 49 130 141 161 185 
231 21 141 
232 71 108 112 229 
233 0 5 8 39 123 180 
234 184 
235 17 70 90 94 122 
236 0 8 15 20 32 49 141 230 
237 0 21 
238 45 
239 78 
240 24 54 
241 1 
242 225 
243 87 
244 154 
245 0 3 5 8 15 21 31 69 75 123 203 230 
246 141 
247 234 
248 0 1 2 3 5 6 10 11 21 24 27 49 50 54 60 65 66 69 75 76 91 133 141 152 157 158 178 180 182 199 201 224 231 
249 131 153 
250 139 
251 97 
252 0 70 81 89 90 92 94 96 105 122 129 189 192 204 217 235 
253 200 
254 57 167 
255 0 8 9 15 20 43 66 69 75 79 123 130 132 141 161 230 236 
256 14 39 
257 42 
258 46 109 127 154 155 195 
259 60 166 
260 39 
261 10 17 18 25 34 40 70 77 78 85 89 90 92 94 217 235 252 
262 190 
263 46 
264 113 
265 10 17 18 22 25 34 48 77 93 94 182 
266 84 
267 189 
268 115 
269 83 87 88 172 174 209 243 
270 131 153 
271 34 81 188 
272 137 145 
273 0 10 89 146 214 
274 255 
275 199 248 
276 0 1 2 4 8 9 14 24 26 47 55 66 69 118 132 203 245 255 274 
277 29 
278 140 
279 61 
280 5 8 9 14 15 20 32 38 39 45 49 51 69 104 113 115 133 151 152 158 182 201 224 248 
281 218 
282 86 95 99 
283 0 10 12 17 18 22 23 25 40 48 52 81 93 135 139 181 204 207 250 252 265 
284 3 47 
285 93 283 
286 59 
287 118 203 
288 105 252 
289 2 5 9 14 39 45 50 61 110 132 133 158 182 224 248 280 
290 147 
291 0 1 2 3 4 5 6 8 9 15 21 24 31 38 42 45 46 47 49 50 54 69 75 107 115 123 133 182 213 220 221 
292 15 16 19 
293 229 
294 1 
295 91 114 
296 142 
297 281 
298 275 
299 20 230 
300 173 
301 261 
302 260 
303 217 
304 164 
305 225 
306 11 
307 290 
308 148 212 
309 116 
310 162 226 
311 127 
312 309 
313 64 
314 78 
315 2 4 8 14 15 19 20 39 41 42 45 50 54 55 75 101 113 119 133 152 158 198 199 201 248 275 280 289 292 
316 52 
317 145 
318 54 
319 8 49 58 
320 313 
321 46 263 
322 0 10 12 
323 0 1 2 3 4 6 8 21 31 32 38 46 49 66 103 109 141 185 230 248 276 284 291 319 
324 234 247 
325 10 12 135 223 265 322 
326 18 25 
327 320 
328 316 
329 133 182 213 315 
330 62 82 137 
331 114 
332 1 
333 18 25 326 
334 2 54 
335 31 46 185 323 
336 49 
337 0 1 2 8 11 14 15 21 24 28 31 50 54 66 69 97 132 133 170 179 182 208 240 245 248 276 306 315 318 329 334 
338 41 
339 1 241 
340 69 245 337 
341 313 320 327 
342 92 
343 3 
344 4 42 
345 108 
346 2 4 24 75 119 220 240 315 337 
347 66 152 199 255 
348 0 2 4 10 42 47 54 123 132 133 148 182 199 212 227 248 261 275 308 315 323 335 
349 123 
350 41 61 157 182 248 289 315 329 337 346 
351 36 72 116 
352 39 
353 1 339 
354 157 248 
355 145 
356 17 64 313 
357 0 1 2 4 8 45 69 133 157 
358 20 236 
359 0 1 28 31 70 97 111 133 170 213 221 291 323 329 335 337 348 
360 0 2 8 20 79 141 146 315 329 359 
361 7 
362 222 
363 333 
364 77 
365 46 127 154 244 
366 41 
367 24 50 54 75 183 191 
368 271 
369 268 
370 17 18 25 94 326 333 
371 240 337 346 
372 154 244 
373 57 
374 0 2 4 5 6 24 27 43 47 50 54 60 65 75 80 132 245 248 259 276 289 
375 35 
376 331 
377 360 
378 76 
379 161 
380 9 173 193 300 
381 42 
382 140 172 
383 90 
384 20 79 141 360 377 
385 133 291 323 
386 32 38 280 315 
387 133 182 213 350 385 
388 0 1 2 4 5 6 8 14 24 26 27 28 42 43 45 49 50 51 53 55 57 60 66 69 75 97 123 124 132 133 147 151 152 157 158 182 183 199 201 208 233 248 254 255 274 275 276 280 289 291 315 323 337 344 346 347 348 350 354 357 359 374 385 386 387 
389 270 
390 2 4 5 13 60 69 123 158 171 220 
391 141 246 248 384 
392 153 
393 247 
394 352 
395 121 200 
396 122 
397 352 
398 155 195 258 
399 86 95 99 
400 399 
401 303 
402 90 
403 62 
404 143 
405 346 
406 25 139 182 265 283 
407 35 159 
408 0 1 2 3 4 5 6 8 13 15 20 24 26 27 32 39 42 43 45 50 54 55 60 66 69 75 102 110 119 123 124 132 133 160 161 176 180 182 183 185 191 203 220 230 236 245 248 255 274 276 280 284 287 289 291 299 315 318 323 329 335 337 340 346 348 358 359 367 371 374 384 388 390 
409 0 1 26 66 69 133 276 
410 0 1 20 50 60 75 79 110 130 141 248 255 358 360 384 388 391 408 
411 385 
412 356 
413 209 
414 201 
415 156 
416 61 350 
417 0 8 50 60 69 157 166 248 259 354 374 388 391 408 410 
418 190 
419 44 210 
420 4 374 
421 331 
422 152 
423 266 
424 108 
425 5 50 60 65 76 166 176 180 205 248 374 378 417 
426 418 
427 0 1 28 111 170 221 225 335 348 359 388 408 
428 254 
429 56 94 179 182 204 348 
430 146 360 
431 314 
432 328 
433 4 42 45 124 147 
434 428 
435 288 
436 201 
437 10 17 18 283 
438 90 92 189 342 
439 20 79 360 
440 2 5 14 45 50 357 360 388 
441 100 117 159 
442 307 
443 80 
444 279 
445 54 110 
446 62 82 106 137 330 403 
447 18 81 
448 160 
449 206 
450 2 28 54 97 111 185 208 323 335 337 359 388 427 
451 112 
452 0 45 124 216 433 
453 14 38 49 58 71 184 201 234 280 289 315 388 
454 385 
455 35 100 
456 207 
457 147 190 418 
458 0 1 2 4 5 6 8 9 13 14 15 20 21 27 31 32 38 39 45 47 49 50 55 66 69 75 79 115 123 124 130 132 133 138 152 157 158 160 173 182 185 198 203 221 230 233 236 245 255 268 276 280 289 291 315 323 348 352 359 360 384 386 388 408 410 417 427 439 440 450 453 
459 157 182 199 350 
460 289 
461 148 
462 2 5 24 
463 34 
464 0 10 12 22 23 25 34 40 48 135 223 265 283 322 325 406 
465 84 
466 111 
467 192 
468 254 428 434 
469 232 
470 371 408 
471 160 448 
472 222 
473 87 
474 395 
475 70 158 
476 396 
477 349 
478 246 
479 18 22 34 40 70 164 
480 0 273 
481 0 1 28 97 111 208 225 233 276 337 374 386 388 410 417 
482 2 374 458 
483 461 
484 293 
485 137 145 272 330 355 446 
486 13 
487 20 236 255 358 
488 103 132 141 201 248 280 388 414 417 
489 217 303 
490 63 104 152 160 
491 156 
492 60 69 80 91 166 255 259 274 276 337 374 388 408 409 417 
493 425 
494 14 58 71 108 345 453 
495 30 
496 0 6 9 123 133 160 255 291 323 337 350 359 385 454 
497 356 
498 217 
499 141 
